111
222
333
999
444
555
666
777
111
888
999
444
333
111
222
333
999
444
555
666
777
111
888
999
444
333
111
222
333
999
444
555
666
777
111
888
999
444
333
111
222
333
999
444
555
666
777
111
888
999
444
333
111
222
333
999
444
555
666
777
111
888
999
444
333
111
222
333
999
444
555
666
777
111
888
999
444
333
111
222
333
999
444
555
666
777
111
888
999
444
333
111
222
333
999
444
555
666
777
111
888
999
444
333
111
222
333
999
444
555
666
777
111
888
999
444
333
111
222
333
999
444
555
666
777
111
888
999
444
333
111
222
333
999
444
555
666
777
111
888
999
444
333
111
222
333
999
444
555
666
777
111
888
999
444
333
111
222
333
999
444
555
666
777
111
888
999
444
333
111
222
333
999
444
555
666
777
111
888
999
444
333
111
222
333
999
444
555
666
777
111
888
999
444
333
111
222
333
999
444
555
666
777
111
888
999
444
333
111
222
333
999
444
555
666
777
111
888
999
444
333
111
222
333
999
444
555
666
777
111
888
999
444
333
111
222
333
999
444
555
666
777
111
888
999
444
333
111
222
333
999
444
555
666
777
111
888
999
444
333
111
222
333
999
444
555
666
777
111
888
999
444
333
111
222
333
999
444
555
666
777
111
888
999
444
333
111
222
333
999
444
555
666
777
111
888
999
444
333
111
222
333
999
444
555
666
777
111
888
999
444
333
111
222
333
999
444
555
666
777
111
888
999
444
333
